[0.6328125, -0.1484375, 0.8515625, 1609279173.6215599]
[0.3671875, -0.0390625, 0.6640625, 1609279173.6305525]
[0.2734375, -0.2890625, 0.640625, 1609279173.6385365]
[0.59375, 0.0625, 0.53125, 1609279173.6456745]
[0.59375, 0.0625, 0.53125, 1609279173.6529932]
[0.4609375, 0.015625, 0.7265625, 1609279173.660464]
[0.3203125, -0.25, 0.921875, 1609279173.667885]
[0.3203125, -0.25, 0.921875, 1609279173.675164]
[0.3125, -0.21875, 0.9921875, 1609279173.6825929]
[0.6015625, -0.265625, 0.890625, 1609279173.6903086]
[0.2890625, -0.40625, 0.71875, 1609279173.6977165]
[0.2890625, -0.40625, 0.71875, 1609279173.7048705]
[0.2734375, -0.2421875, 0.5703125, 1609279173.7121782]
[0.6796875, -0.0625, 0.84375, 1609279173.7198732]
[0.46875, -0.0234375, 0.9609375, 1609279173.727193]
[0.46875, -0.0234375, 0.9609375, 1609279173.734295]
[0.3125, -0.0078125, 0.8125, 1609279173.7417247]
[0.4453125, -0.046875, 0.8046875, 1609279173.7490206]
[0.6796875, 0.015625, 0.921875, 1609279173.7561646]
[0.6796875, 0.015625, 0.921875, 1609279173.7634645]
[0.4609375, 0.015625, 0.7578125, 1609279173.7709422]
[0.484375, 0.0, 0.609375, 1609279173.7782903]
[0.484375, 0.0, 0.78125, 1609279173.7855911]
[0.765625, 0.1015625, 0.78125, 1609279173.792779]
[0.4609375, -0.0234375, 1.0546875, 1609279173.8002017]
[0.3203125, -0.328125, 0.921875, 1609279173.8078587]
[0.3203125, -0.328125, 0.921875, 1609279173.8151643]
[0.6640625, -0.1171875, 0.6953125, 1609279173.8222773]
[0.640625, -0.046875, 0.6484375, 1609279173.8297882]
[1.015625, 0.109375, 0.7890625, 1609279173.837058]
[1.015625, 0.109375, 0.7890625, 1609279173.8444219]
[0.640625, -0.1171875, 0.6484375, 1609279173.851642]
[0.6015625, -0.1484375, 0.9453125, 1609279173.8590245]
[0.578125, -0.265625, 0.890625, 1609279173.8663156]
[0.578125, -0.265625, 0.890625, 1609279173.8735864]
[0.5078125, -0.328125, 0.9140625, 1609279173.8807745]
[0.4609375, -0.3515625, 0.875, 1609279173.8883183]
[0.4609375, -0.3515625, 1.015625, 1609279173.8956811]
[0.1640625, -0.3515625, 1.015625, 1609279173.903049]
[0.390625, -0.1640625, 0.7734375, 1609279173.9106598]
[0.6328125, -0.3828125, 0.6953125, 1609279173.9180896]
[0.6328125, -0.1640625, 0.6484375, 1609279173.9255564]
[0.3125, -0.1640625, 0.6484375, 1609279173.9327796]
[0.265625, -0.0625, 1.0078125, 1609279173.9402452]
[0.4921875, -0.1484375, 0.828125, 1609279173.9473722]
[0.4921875, -0.1484375, 0.828125, 1609279173.9550493]
[0.6328125, -0.203125, 0.9140625, 1609279173.962584]
[0.6640625, -0.1640625, 1.015625, 1609279173.970157]
[0.4140625, -0.140625, 0.6171875, 1609279173.9776387]
[0.4140625, -0.140625, 0.6171875, 1609279173.9848397]
[0.3828125, -0.1484375, 0.484375, 1609279173.9922044]
[0.3203125, -0.0859375, 0.828125, 1609279173.9997494]
[0.609375, -0.140625, 0.6640625, 1609279174.0068862]
[0.609375, -0.140625, 0.6640625, 1609279174.014161]
[0.5859375, -0.484375, 0.78125, 1609279174.021282]
[0.2734375, -0.1875, 0.484375, 1609279174.02872]
[0.4609375, -0.0234375, 0.390625, 1609279174.0360155]
[0.4609375, -0.0234375, 0.390625, 1609279174.0434465]
[0.3671875, -0.1171875, 0.6484375, 1609279174.0507972]
[0.5625, -0.1171875, 0.8515625, 1609279174.0583513]
[0.5625, -0.1171875, 0.8046875, 1609279174.065648]
[0.421875, -0.21875, 0.8046875, 1609279174.0728183]
[0.171875, -0.140625, 0.8046875, 1609279174.080819]
[0.6796875, -0.046875, 0.6953125, 1609279174.0879858]
[0.6796875, -0.046875, 0.6953125, 1609279174.0952628]
[0.390625, -0.21875, 0.7734375, 1609279174.1024587]
[0.4921875, -0.0625, 0.9453125, 1609279174.1100104]
[0.4375, -0.1796875, 0.7734375, 1609279174.1175613]
[0.4375, -0.1796875, 0.7734375, 1609279174.1248224]
[0.5390625, -0.140625, 0.921875, 1609279174.132143]
[0.3203125, -0.3828125, 1.03125, 1609279174.1413078]
[-0.09375, -0.109375, 0.75, 1609279174.1484387]
[-0.09375, -0.109375, 0.671875, 1609279174.1557355]
[0.1171875, -0.0234375, 0.671875, 1609279174.1632786]
[0.4609375, -0.0078125, 0.5546875, 1609279174.1706583]
[0.7109375, -0.1484375, 0.8046875, 1609279174.1781812]
[0.7109375, -0.1484375, 0.8046875, 1609279174.185451]
[0.8984375, -0.09375, 1.140625, 1609279174.192962]
[0.4296875, 0.0, 0.8828125, 1609279174.2005079]
[0.578125, -0.0625, 1.0078125, 1609279174.2077878]
[0.578125, -0.0625, 1.0078125, 1609279174.2151437]
[0.3828125, -0.140625, 0.6953125, 1609279174.2225184]
[0.7265625, -0.1015625, 0.5234375, 1609279174.2301464]
[0.4609375, 0.015625, 0.578125, 1609279174.2373984]
[0.4609375, 0.015625, 0.578125, 1609279174.2448833]
[0.5078125, -0.0859375, 0.75, 1609279174.252277]
[0.40625, -0.0625, 0.9140625, 1609279174.259534]
[0.6171875, -0.1484375, 0.921875, 1609279174.2669606]
[0.6171875, -0.1484375, 0.921875, 1609279174.2744744]
[0.8203125, -0.25, 0.9375, 1609279174.2816703]
[0.671875, 0.09375, 0.8125, 1609279174.2890782]
[0.4453125, -0.203125, 0.875, 1609279174.2965784]
[0.4453125, -0.203125, 0.875, 1609279174.303961]
[0.1875, -0.1640625, 0.6953125, 1609279174.311163]
[0.40625, -0.28125, 0.59375, 1609279174.3185368]
[0.40625, -0.0859375, 0.7109375, 1609279174.3258889]
[0.390625, -0.0859375, 0.7109375, 1609279174.3329976]
[0.3515625, 0.0390625, 0.8828125, 1609279174.3404083]
[0.3046875, 0.015625, 0.875, 1609279174.3479965]
[0.3046875, 0.015625, 0.875, 1609279174.3554492]
[0.75, -0.0390625, 0.578125, 1609279174.3627741]
[0.53125, -0.0859375, 0.6171875, 1609279174.3703418]
[0.3828125, -0.0859375, 0.640625, 1609279174.377745]
[0.3828125, -0.0859375, 0.640625, 1609279174.3851686]
[0.703125, -0.0078125, 0.875, 1609279174.3924344]
[0.828125, -0.1171875, 0.7578125, 1609279174.3999355]
[0.34375, -0.28125, 0.984375, 1609279174.4072232]
[0.34375, -0.28125, 0.984375, 1609279174.414587]
[0.2890625, -0.203125, 0.796875, 1609279174.4220061]
[0.4140625, -0.0625, 0.71875, 1609279174.4296808]
[0.5078125, -0.1015625, 0.7578125, 1609279174.4370527]
[0.5078125, -0.1015625, 0.7578125, 1609279174.4443808]
[0.703125, -0.2890625, 0.6484375, 1609279174.4514894]
[0.5546875, -0.3671875, 0.6875, 1609279174.4589152]
[0.4609375, -0.1015625, 1.078125, 1609279174.4663453]
[0.4609375, -0.1015625, 1.078125, 1609279174.473741]
[0.4140625, -0.21875, 0.9921875, 1609279174.48102]
[0.3203125, -0.1640625, 0.8515625, 1609279174.4884307]
[0.3203125, -0.1640625, 0.921875, 1609279174.4957688]
[0.34375, -0.21875, 0.921875, 1609279174.5028906]
[0.078125, -0.28125, 0.4296875, 1609279174.5102506]
[0.6796875, -0.1796875, 0.4609375, 1609279174.5173624]
[0.6796875, -0.1796875, 0.4609375, 1609279174.524882]
[0.6796875, -0.203125, 0.453125, 1609279174.532123]
[0.46875, -0.140625, 0.5078125, 1609279174.539676]
[0.65625, -0.140625, 0.5703125, 1609279174.5471308]
[0.609375, -0.125, 1.03125, 1609279174.5578008]
[0.609375, -0.125, 1.03125, 1609279174.5652494]
[0.421875, -0.1796875, 0.9140625, 1609279174.5725362]
[0.390625, -0.5078125, 0.921875, 1609279174.5799923]
[0.421875, -0.390625, 0.9140625, 1609279174.587363]
[0.421875, -0.390625, 0.9140625, 1609279174.59498]
[0.6875, -0.265625, 0.546875, 1609279174.6023538]
[0.6875, -0.078125, 0.671875, 1609279174.609809]
[0.53125, 0.0234375, 0.8046875, 1609279174.6168866]
[0.53125, 0.0234375, 0.8046875, 1609279174.6243825]
[0.4921875, -0.265625, 0.9375, 1609279174.6316593]
[0.5078125, -0.34375, 1.03125, 1609279174.6504061]
[0.203125, -0.0078125, 0.875, 1609279174.661587]
[0.40625, -0.0234375, 0.875, 1609279174.669505]
[0.6328125, -0.0390625, 0.6875, 1609279174.6773958]
[0.4375, 0.0390625, 0.7265625, 1609279174.6869786]
[0.4375, 0.0390625, 0.7265625, 1609279174.6969073]
[0.3125, -0.0390625, 0.796875, 1609279174.7049341]
[0.25, -0.1171875, 0.734375, 1609279174.7132502]
[0.3359375, -0.0234375, 1.078125, 1609279174.7234879]
[0.390625, -0.140625, 0.7734375, 1609279174.7333648]
[0.484375, -0.1484375, 0.6640625, 1609279174.7415836]
[0.5625, -0.0234375, 0.5546875, 1609279174.7494512]
[0.40625, -0.2265625, 0.4140625, 1609279174.7590413]
[0.3828125, -0.0234375, 0.625, 1609279174.76933]
[0.34375, -0.1640625, 0.78125, 1609279174.7805018]
[0.421875, -0.1171875, 1.0078125, 1609279174.7895026]
[0.4609375, -0.2265625, 1.0859375, 1609279174.8152113]
[0.5078125, -0.2890625, 1.0625, 1609279174.8263319]
[0.6875, -0.2421875, 0.984375, 1609279174.834632]
[0.4921875, -0.0859375, 0.71875, 1609279174.8444757]
[0.6015625, -0.0625, 0.7734375, 1609279174.8577654]
[0.6015625, -0.0625, 0.7734375, 1609279174.8658955]
[0.5859375, -0.078125, 0.671875, 1609279174.879208]
[0.609375, -0.1171875, 1.1640625, 1609279174.894001]
[0.078125, -0.21875, 1.1015625, 1609279174.9028957]
[0.484375, -0.34375, 0.8515625, 1609279174.9111927]
[0.1875, -0.3671875, 0.71875, 1609279174.9211473]
[0.53125, -0.1171875, 0.53125, 1609279174.929191]
[0.578125, -0.1640625, 0.53125, 1609279174.937292]
[0.578125, -0.1640625, 0.53125, 1609279174.945239]
[0.2421875, -0.265625, 0.6171875, 1609279174.954244]
[0.2421875, -0.0234375, 0.9375, 1609279174.9624918]
[0.796875, 0.015625, 0.9296875, 1609279174.9728284]
[0.6640625, -0.125, 1.03125, 1609279174.9809964]
[0.46875, -0.0234375, 0.8515625, 1609279174.9895642]
[0.59375, 0.0546875, 0.609375, 1609279175.000034]
[0.6015625, -0.203125, 0.5546875, 1609279175.0107698]
[0.40625, -0.1015625, 0.5546875, 1609279175.0219586]
[0.6875, -0.1015625, 0.625, 1609279175.0301723]
[0.53125, -0.140625, 0.84375, 1609279175.0421643]
[0.40625, -0.25, 0.875, 1609279175.051033]
[0.4609375, -0.1484375, 0.578125, 1609279175.0597289]
[0.578125, -0.0234375, 0.7109375, 1609279175.0693178]
[0.5390625, -0.1640625, 0.6484375, 1609279175.0771508]
[0.5390625, -0.1640625, 0.6484375, 1609279175.0849826]
[0.6484375, 0.0234375, 0.703125, 1609279175.0947244]
[0.3984375, 0.09375, 0.6015625, 1609279175.1024694]
[0.40625, -0.140625, 1.0078125, 1609279175.110018]
[0.4375, -0.3515625, 0.9140625, 1609279175.117219]
[0.4375, -0.3515625, 0.9140625, 1609279175.124584]
[0.4453125, -0.1484375, 0.828125, 1609279175.1317956]
[0.4609375, -0.1640625, 0.6171875, 1609279175.1392946]
[0.4375, -0.1875, 0.5234375, 1609279175.1467483]
[0.4375, -0.1875, 0.5234375, 1609279175.1542082]
[0.640625, -0.0234375, 0.8046875, 1609279175.1614532]
[0.34375, -0.3203125, 1.125, 1609279175.1689332]
[0.34375, -0.2890625, 0.921875, 1609279175.176431]
[0.578125, -0.2890625, 0.921875, 1609279175.183503]
[0.4375, -0.1875, 0.578125, 1609279175.1909478]
[0.5625, -0.0625, 0.6171875, 1609279175.1982436]
[0.5625, -0.0625, 0.6171875, 1609279175.2056205]
[0.4140625, 0.125, 0.7890625, 1609279175.2128725]
[0.640625, -0.125, 0.9921875, 1609279175.220261]
[0.4921875, -0.1015625, 0.9140625, 1609279175.227767]
[0.4921875, -0.1015625, 0.9140625, 1609279175.235081]
[0.796875, -0.0625, 0.8203125, 1609279175.2427077]
[0.484375, -0.1875, 0.8671875, 1609279175.2503016]
[0.3828125, -0.1875, 0.9140625, 1609279175.2577357]
[0.3828125, -0.1875, 0.9140625, 1609279175.2650404]
[0.4609375, -0.21875, 1.140625, 1609279175.2725244]
[0.1484375, -0.1796875, 0.734375, 1609279175.279843]
[0.609375, -0.203125, 0.59375, 1609279175.287743]
[0.609375, -0.203125, 0.59375, 1609279175.2949529]
[0.6875, -0.2265625, 0.6875, 1609279175.3022308]
[0.5859375, -0.1875, 0.7578125, 1609279175.3096838]
[0.6171875, -0.1015625, 0.671875, 1609279175.3167856]
[0.6171875, -0.1015625, 0.671875, 1609279175.3240645]
[0.625, 0.0625, 0.6953125, 1609279175.331453]
[0.5859375, -0.125, 1.1015625, 1609279175.3387094]
[0.453125, 0.015625, 0.953125, 1609279175.346254]
[0.453125, 0.015625, 0.953125, 1609279175.353684]
[0.703125, -0.1640625, 0.84375, 1609279175.3610628]
[0.4453125, -0.1875, 1.1953125, 1609279175.3685648]
[0.4453125, -0.1875, 1.140625, 1609279175.3758485]
[0.6328125, -0.078125, 1.140625, 1609279175.3831413]
[0.6328125, -0.1171875, 0.71875, 1609279175.3906024]
[0.8046875, -0.1640625, 0.7109375, 1609279175.3981862]
[0.8046875, -0.1640625, 0.7109375, 1609279175.405523]
[0.5390625, -0.0390625, 0.578125, 1609279175.4127688]
[0.3671875, -0.0625, 0.7734375, 1609279175.4202268]
[0.359375, -0.21875, 0.9375, 1609279175.4279997]
[0.359375, -0.21875, 0.9375, 1609279175.4351516]
[0.5078125, -0.1015625, 0.828125, 1609279175.4426935]
[0.3671875, -0.140625, 0.78125, 1609279175.4502313]
[0.4453125, -0.203125, 0.9609375, 1609279175.4576252]
[0.4453125, -0.203125, 0.9609375, 1609279175.465024]
[0.421875, -0.0078125, 0.8046875, 1609279175.472313]
[0.3671875, -0.046875, 0.578125, 1609279175.4799457]
[0.03125, -0.1484375, 0.6484375, 1609279175.4876616]
[0.03125, -0.1484375, 0.6484375, 1609279175.4950955]
[0.3359375, -0.0234375, 0.8515625, 1609279175.5023334]
[0.5078125, 0.015625, 0.71875, 1609279175.5100713]
[0.4921875, -0.2265625, 0.8203125, 1609279175.517184]
[0.4921875, -0.2265625, 0.8203125, 1609279175.5245068]
[0.53125, -0.0234375, 1.078125, 1609279175.5316439]
[0.4609375, -0.125, 1.078125, 1609279175.5395806]
[0.3125, -0.0390625, 0.7578125, 1609279175.5468867]
[0.3125, -0.0390625, 0.7578125, 1609279175.5543184]
[0.53125, 0.0546875, 0.7578125, 1609279175.5616772]
[0.2421875, -0.21875, 0.84375, 1609279175.5688171]
[0.2421875, -0.21875, 0.921875, 1609279175.576329]
[0.421875, -0.1796875, 0.921875, 1609279175.583659]
[0.4921875, -0.046875, 0.6953125, 1609279175.590864]
[0.6171875, -0.203125, 0.6015625, 1609279175.5981686]
[0.6171875, -0.203125, 0.6015625, 1609279175.6056526]
[0.6328125, -0.0234375, 0.6484375, 1609279175.6128635]
[0.8828125, -0.2109375, 0.78125, 1609279175.6202002]
[0.46875, -0.0078125, 0.78125, 1609279175.6273503]
[0.46875, -0.0078125, 0.78125, 1609279175.634978]
[0.2890625, 0.0234375, 0.78125, 1609279175.6425197]
[0.8984375, -0.140625, 1.0546875, 1609279175.6500897]
[0.6796875, 0.0234375, 1.203125, 1609279175.6572175]
[0.421875, -0.265625, 0.7578125, 1609279175.6680105]
[0.421875, -0.265625, 0.7578125, 1609279175.6754982]
[0.5859375, -0.203125, 0.5546875, 1609279175.6827672]
[0.3046875, 0.015625, 0.765625, 1609279175.6903071]
[0.5390625, -0.1484375, 0.890625, 1609279175.697718]
[0.5390625, -0.1484375, 0.890625, 1609279175.7050798]
[0.46875, -0.2265625, 0.828125, 1609279175.7123506]
[0.5859375, -0.125, 0.9609375, 1609279175.7198696]
[0.4453125, -0.0859375, 1.015625, 1609279175.7271905]
[0.4453125, -0.0859375, 1.015625, 1609279175.7345061]
[0.5390625, -0.1640625, 0.8515625, 1609279175.741733]
[0.3359375, -0.0859375, 0.78125, 1609279175.7490182]
[0.3359375, -0.1640625, 0.328125, 1609279175.756168]
[0.34375, -0.1640625, 0.328125, 1609279175.7637908]
[0.5546875, -0.1015625, 0.6015625, 1609279175.7712107]
[0.6171875, -0.1171875, 0.59375, 1609279175.7786937]
[0.6171875, -0.1171875, 0.734375, 1609279175.7861404]
[0.65625, -0.1484375, 0.734375, 1609279175.7933395]
[0.6015625, 0.0625, 0.7578125, 1609279175.8006961]
[0.4375, 0.1171875, 0.625, 1609279175.808364]
[0.4375, 0.1171875, 0.625, 1609279175.8157032]
[0.34375, -0.28125, 0.9140625, 1609279175.822908]
[0.6640625, -0.1796875, 0.7109375, 1609279175.8303447]
[0.640625, -0.3203125, 0.7109375, 1609279175.8377895]
[0.640625, -0.3203125, 0.7109375, 1609279175.8449965]
[0.3359375, -0.1640625, 0.7578125, 1609279175.8522773]
[0.6015625, -0.046875, 0.8515625, 1609279175.8597271]
[0.4609375, -0.140625, 0.6640625, 1609279175.866983]
[0.4609375, -0.140625, 0.6640625, 1609279175.87444]
[0.2734375, -0.0078125, 0.6328125, 1609279175.8817828]
[0.3828125, -0.1015625, 0.7734375, 1609279175.8889387]
[0.3828125, -0.1015625, 0.9453125, 1609279175.8963246]
[0.578125, -0.1484375, 0.9453125, 1609279175.9036574]
[0.359375, 0.0390625, 0.828125, 1609279175.9108021]
[0.4453125, -0.1875, 0.9140625, 1609279175.918127]
[0.4453125, -0.1875, 0.9140625, 1609279175.9254992]
[0.34375, -0.1484375, 1.1484375, 1609279175.9327538]
[0.3125, -0.078125, 0.875, 1609279175.940122]
[0.5, 0.140625, 0.8515625, 1609279175.9475756]
[0.5, 0.140625, 0.8515625, 1609279175.9548254]
[0.5390625, -0.0859375, 0.84375, 1609279175.9625423]
[0.6796875, -0.125, 0.78125, 1609279175.9701884]
[0.5859375, -0.328125, 0.84375, 1609279175.9783552]
[0.5859375, -0.328125, 0.84375, 1609279175.9856992]
[0.6875, -0.0390625, 0.890625, 1609279175.9929628]
[0.265625, -0.0390625, 0.71875, 1609279176.0004168]
[0.2734375, -0.046875, 0.6484375, 1609279176.0078845]
[0.2734375, -0.046875, 0.6484375, 1609279176.0150294]
[0.7265625, 0.0, 0.5078125, 1609279176.0222895]
[0.46875, -0.0390625, 0.7734375, 1609279176.0299423]
[0.4921875, -0.1015625, 0.71875, 1609279176.0372972]
[0.4921875, -0.1015625, 0.71875, 1609279176.044595]
[0.515625, -0.1640625, 0.7734375, 1609279176.051859]
[0.6328125, -0.2265625, 1.015625, 1609279176.0594428]
[0.6328125, -0.046875, 0.6015625, 1609279176.0668836]
[0.6328125, -0.046875, 0.6015625, 1609279176.0741556]
[0.6171875, -0.078125, 0.4140625, 1609279176.0814652]
[0.609375, 0.0546875, 0.703125, 1609279176.0889382]
[0.609375, 0.0546875, 0.7890625, 1609279176.09616]
[0.5859375, -0.1640625, 0.78125, 1609279176.107285]
[0.5859375, -0.1640625, 0.78125, 1609279176.1147118]
[0.4140625, -0.328125, 0.9609375, 1609279176.1222296]
[0.4296875, 0.015625, 1.0703125, 1609279176.1298597]
[0.4375, 0.0546875, 0.8359375, 1609279176.1371841]
[0.4375, 0.0546875, 0.8359375, 1609279176.1444693]
[0.359375, -0.1640625, 0.78125, 1609279176.1517842]
[0.4921875, -0.1015625, 0.484375, 1609279176.159143]
[0.4921875, -0.1171875, 0.390625, 1609279176.1662858]
[0.921875, -0.1171875, 0.390625, 1609279176.1735656]
[0.78125, -0.078125, 0.53125, 1609279176.1807365]
[0.6015625, -0.1015625, 0.7109375, 1609279176.1882136]
[0.6015625, -0.1015625, 0.7109375, 1609279176.1954982]
[0.2734375, -0.0859375, 0.8984375, 1609279176.2029433]
[0.4140625, -0.046875, 0.890625, 1609279176.210288]
[0.703125, -0.1796875, 1.171875, 1609279176.219548]
[0.609375, -0.0234375, 1.1484375, 1609279176.2268157]
[0.609375, -0.0234375, 1.1484375, 1609279176.2343006]
[0.34375, -0.125, 0.8046875, 1609279176.2415957]
[0.578125, -0.21875, 0.546875, 1609279176.2489836]
[0.578125, -0.21875, 0.390625, 1609279176.2562814]
[0.2890625, -0.1640625, 0.390625, 1609279176.2636602]
[0.4453125, -0.140625, 0.6015625, 1609279176.2710211]
[0.3828125, -0.1171875, 0.8671875, 1609279176.27824]
[0.3828125, -0.1171875, 0.8671875, 1609279176.2854948]
[0.4765625, 0.0625, 0.9296875, 1609279176.2926278]
[0.3828125, 0.140625, 0.7890625, 1609279176.3001437]
[0.484375, -0.203125, 0.671875, 1609279176.3076093]
[0.484375, -0.203125, 0.671875, 1609279176.3151293]
[0.6171875, -0.046875, 0.875, 1609279176.3225532]
[0.71875, 0.125, 0.8828125, 1609279176.330132]
[0.4453125, -0.2265625, 0.9609375, 1609279176.3372388]
[0.4453125, -0.2265625, 0.9609375, 1609279176.3446817]
[0.5859375, -0.0625, 0.8515625, 1609279176.3520386]
[0.4140625, -0.1875, 1.140625, 1609279176.3593845]
[0.2578125, 0.140625, 0.8515625, 1609279176.3668313]
[0.2578125, 0.140625, 0.8515625, 1609279176.3741093]
[0.671875, 0.0, 0.7265625, 1609279176.381277]
[0.5546875, -0.1171875, 0.8515625, 1609279176.388793]
[0.5546875, -0.1171875, 0.6796875, 1609279176.396254]
[0.6953125, 0.0390625, 0.6796875, 1609279176.4035888]
[0.3828125, -0.046875, 0.9453125, 1609279176.4108396]
[0.1796875, 0.0390625, 0.8828125, 1609279176.4183345]
[0.1796875, 0.0390625, 0.8828125, 1609279176.4256263]
[0.2734375, -0.0390625, 0.7578125, 1609279176.4329753]
[0.6171875, -0.078125, 0.9453125, 1609279176.440603]
[0.5546875, -0.0078125, 0.875, 1609279176.4481559]
[0.5546875, -0.0078125, 0.875, 1609279176.455535]
[0.609375, -0.1640625, 0.75, 1609279176.4627466]
[0.65625, -0.0234375, 0.625, 1609279176.4702315]
[0.390625, -0.125, 0.4375, 1609279176.4776604]
[0.390625, -0.125, 0.4375, 1609279176.4849794]
[0.2421875, -0.1875, 0.5703125, 1609279176.4922814]
[0.4921875, -0.1484375, 0.6953125, 1609279176.4997172]
[0.4609375, -0.2421875, 0.921875, 1609279176.507123]
[0.4609375, -0.2421875, 0.921875, 1609279176.5147967]
[0.5078125, -0.0390625, 1.0859375, 1609279176.5221596]
[0.4453125, -0.0390625, 0.828125, 1609279176.5296597]
[0.4140625, -0.3203125, 0.546875, 1609279176.5369165]
[0.4140625, -0.3203125, 0.546875, 1609279176.5443873]
[0.53125, -0.0234375, 0.890625, 1609279176.551641]
[0.6875, -0.078125, 0.71875, 1609279176.559103]
[0.6875, -0.078125, 0.7109375, 1609279176.5664248]
[0.796875, -0.1484375, 0.7109375, 1609279176.573562]
[0.5234375, 0.0234375, 0.71875, 1609279176.5809708]
[0.0078125, -0.1171875, 0.796875, 1609279176.5883455]
[0.0078125, -0.1171875, 0.796875, 1609279176.5955563]
[0.1640625, 0.015625, 0.71875, 1609279176.6030753]
[0.4375, -0.34375, 0.546875, 1609279176.6106343]
[0.3203125, -0.1484375, 0.5546875, 1609279176.618128]
[0.3203125, -0.1484375, 0.5546875, 1609279176.6254919]
[0.421875, -0.1015625, 0.9453125, 1609279176.632784]
[0.515625, -0.0234375, 1.0859375, 1609279176.6409676]
[0.75, -0.1015625, 1.015625, 1609279176.6484804]
[0.75, -0.1015625, 1.015625, 1609279176.6556056]
[0.625, 0.1953125, 0.8984375, 1609279176.6629694]
[0.484375, -0.078125, 0.828125, 1609279176.6703453]
[0.2734375, -0.1875, 0.8046875, 1609279176.677724]
[0.2734375, -0.1875, 0.8046875, 1609279176.685108]
[0.71875, 0.09375, 1.0, 1609279176.6923738]
[0.3125, 0.125, 0.953125, 1609279176.6998446]
[0.2109375, 0.0390625, 0.703125, 1609279176.7073045]
[0.2109375, 0.0390625, 0.703125, 1609279176.7151456]
[0.53125, -0.1640625, 0.6875, 1609279176.7224324]
[0.5859375, -0.203125, 0.625, 1609279176.7300782]
[0.5390625, -0.1171875, 0.671875, 1609279176.7374048]
[0.5390625, -0.1171875, 0.671875, 1609279176.74502]
[0.5625, -0.0078125, 0.78125, 1609279176.7524269]
[0.5, 0.09375, 1.015625, 1609279176.7596536]
[0.203125, -0.0078125, 0.7265625, 1609279176.7669985]
[0.203125, -0.0078125, 0.7265625, 1609279176.7743623]
[0.78125, -0.25, 0.625, 1609279176.7815332]
[0.6796875, -0.2890625, 0.6875, 1609279176.788933]
[0.6796875, -0.2890625, 0.6875, 1609279176.7963111]
[0.390625, -0.25, 0.71875, 1609279176.803432]
[0.5625, -0.21875, 0.9453125, 1609279176.8143888]
[0.3203125, -0.2421875, 0.875, 1609279176.8217185]
[0.578125, -0.078125, 0.6953125, 1609279176.8288405]
[0.578125, -0.078125, 0.546875, 1609279176.8362842]
[0.6640625, -0.28125, 0.546875, 1609279176.8436263]
[0.7734375, -0.40625, 0.875, 1609279176.851077]
[0.5859375, -0.28125, 1.0859375, 1609279176.858921]
[0.5859375, -0.28125, 1.0859375, 1609279176.8661268]
[0.4609375, -0.0859375, 1.109375, 1609279176.8735788]
[0.4609375, -0.2421875, 1.0078125, 1609279176.8809154]
[0.1875, -0.125, 1.03125, 1609279176.8884194]
[0.1875, -0.125, 1.03125, 1609279176.8955543]
[0.4453125, -0.0625, 0.78125, 1609279176.9027781]
[0.390625, -0.1640625, 0.5234375, 1609279176.910239]
[0.4375, -0.3515625, 0.34375, 1609279176.9175587]
[0.4375, -0.3515625, 0.34375, 1609279176.924898]
[0.609375, -0.28125, 0.890625, 1609279176.9322658]
[0.34375, -0.1640625, 0.8671875, 1609279176.9395473]
[0.7109375, -0.0859375, 0.6640625, 1609279176.9469364]
[0.7109375, -0.0859375, 0.6640625, 1609279176.9547863]
[0.640625, -0.078125, 0.6953125, 1609279176.9623241]
[0.3359375, -0.046875, 0.59375, 1609279176.969744]
[0.515625, -0.1640625, 0.5, 1609279176.9768748]
[0.515625, -0.1640625, 0.5, 1609279176.9845147]
[0.4140625, -0.1171875, 0.6875, 1609279176.9918997]
[0.2734375, -0.0859375, 0.9453125, 1609279176.9993343]
[0.2734375, 0.015625, 1.0, 1609279177.0064673]
[0.3359375, 0.015625, 1.0, 1609279177.0139472]
[0.734375, -0.125, 0.71875, 1609279177.0212991]
[0.609375, -0.0078125, 0.578125, 1609279177.0285158]
[0.609375, -0.0078125, 0.578125, 1609279177.0358078]
[0.4140625, -0.078125, 0.4765625, 1609279177.0431387]
[0.1640625, -0.0625, 0.34375, 1609279177.0506575]
[0.546875, 0.0234375, 0.859375, 1609279177.0581315]
[0.546875, 0.0234375, 0.859375, 1609279177.0654664]
[0.3203125, -0.0625, 0.7109375, 1609279177.0727162]
[0.75, -0.1171875, 0.6015625, 1609279177.080404]
[0.8046875, -0.3046875, 0.796875, 1609279177.087972]
[0.8046875, -0.3046875, 0.796875, 1609279177.09525]
[0.421875, -0.078125, 0.6171875, 1609279177.1023438]
[0.578125, 0.1796875, 0.6328125, 1609279177.1098948]
[0.328125, 0.0625, 0.7578125, 1609279177.1173854]
[0.328125, 0.0625, 0.7578125, 1609279177.1247954]
[0.25, -0.140625, 0.921875, 1609279177.1321602]
[0.5546875, 0.015625, 0.875, 1609279177.1394832]
[0.5625, -0.25, 0.796875, 1609279177.146913]
[0.5625, -0.25, 0.796875, 1609279177.1543148]
[0.484375, -0.21875, 0.828125, 1609279177.1614556]
[0.40625, 0.0546875, 0.5546875, 1609279177.1688666]
[0.40625, 0.0546875, 0.5546875, 1609279177.1762886]
[0.4921875, -0.0625, 0.546875, 1609279177.1837132]
[0.7734375, -0.0234375, 0.84375, 1609279177.1909752]
[0.671875, 0.015625, 0.8515625, 1609279177.198318]
[0.671875, 0.015625, 0.8515625, 1609279177.205659]
[0.6015625, -0.0625, 0.578125, 1609279177.2128348]
[0.2421875, -0.25, 0.78125, 1609279177.2201626]
[0.421875, -0.1171875, 0.78125, 1609279177.2276375]
[0.421875, -0.1171875, 0.78125, 1609279177.2348514]
[0.7109375, -0.0234375, 0.734375, 1609279177.2422774]
[0.5390625, -0.0078125, 1.0, 1609279177.249742]
[0.4609375, 0.078125, 1.0625, 1609279177.2568839]
[0.4609375, 0.078125, 1.0625, 1609279177.2644508]
[0.421875, -0.0859375, 0.78125, 1609279177.2718399]
[0.3828125, -0.25, 0.796875, 1609279177.2792706]
[0.3828125, -0.25, 0.6015625, 1609279177.2866423]
[0.140625, -0.2890625, 0.6015625, 1609279177.2938654]
[0.4921875, -0.046875, 0.5546875, 1609279177.3011613]
[0.65625, -0.140625, 0.9140625, 1609279177.30863]
[0.65625, -0.140625, 0.9140625, 1609279177.315795]
[0.4609375, -0.1640625, 1.03125, 1609279177.3232589]
[0.3125, -0.078125, 0.78125, 1609279177.3307247]
[0.6015625, -0.078125, 0.625, 1609279177.3383305]
[0.6015625, -0.078125, 0.625, 1609279177.3454645]
[0.46875, -0.140625, 0.6484375, 1609279177.3529184]
[0.4453125, -0.203125, 0.6640625, 1609279177.3604074]
[0.515625, -0.1640625, 0.8671875, 1609279177.3678482]
[0.515625, -0.1640625, 0.8671875, 1609279177.374979]
[0.453125, 0.0625, 0.8359375, 1609279177.3823566]
[0.6796875, -0.1171875, 0.9609375, 1609279177.3899157]
[0.7578125, -0.1796875, 0.9140625, 1609279177.3972795]
[0.7578125, -0.1796875, 0.9140625, 1609279177.4044213]
[0.5078125, -0.1171875, 1.1015625, 1609279177.4117322]
[0.609375, -0.0625, 1.1484375, 1609279177.419258]
[0.609375, -0.0625, 0.8671875, 1609279177.4271019]
[0.515625, -0.1796875, 0.8671875, 1609279177.434321]
[0.1953125, -0.2421875, 0.6484375, 1609279177.4416537]
[0.484375, -0.1171875, 0.5, 1609279177.4490166]
[0.484375, -0.1171875, 0.5, 1609279177.4562466]
[0.4140625, 0.015625, 0.6796875, 1609279177.4637334]
[0.2421875, -0.0859375, 0.6640625, 1609279177.4710813]
[0.390625, -0.1171875, 1.0625, 1609279177.4782472]
[0.390625, -0.1171875, 1.0625, 1609279177.485618]
[0.4453125, -0.140625, 0.921875, 1609279177.492981]
[0.7109375, -0.1171875, 0.9140625, 1609279177.500551]
[0.484375, 0.0, 0.609375, 1609279177.5078607]
[0.484375, 0.0, 0.609375, 1609279177.5153785]
[0.421875, -0.2265625, 0.6015625, 1609279177.5228045]
[0.203125, -0.1796875, 0.5546875, 1609279177.5304291]
[0.421875, -0.0859375, 0.7578125, 1609279177.5379062]
[0.421875, -0.0859375, 0.7578125, 1609279177.545148]
[0.1953125, -0.0078125, 0.8515625, 1609279177.552487]
[0.484375, -0.2890625, 0.921875, 1609279177.5599298]
[0.390625, -0.0859375, 0.9140625, 1609279177.5670776]
[0.390625, -0.0859375, 0.9140625, 1609279177.5745385]
[0.265625, -0.2265625, 0.78125, 1609279177.5818334]
[0.5859375, -0.203125, 0.9140625, 1609279177.5893853]
[0.5859375, -0.203125, 0.8515625, 1609279177.5965362]
[0.1484375, -0.0390625, 0.8515625, 1609279177.6037838]
[0.234375, 0.0, 0.9765625, 1609279177.611281]
[0.578125, 0.1015625, 1.015625, 1609279177.6185358]
[0.578125, 0.1015625, 1.015625, 1609279177.6261706]
[0.40625, -0.1640625, 0.875, 1609279177.6334374]
[0.265625, -0.1640625, 0.9609375, 1609279177.6410744]
[0.4140625, -0.1484375, 0.734375, 1609279177.6485941]
[0.4140625, -0.1484375, 0.734375, 1609279177.655723]
[0.5859375, -0.0390625, 0.5078125, 1609279177.663091]
[0.5078125, 0.09375, 0.7421875, 1609279177.6704798]
[0.6875, -0.1015625, 0.7734375, 1609279177.6779318]
[0.6875, -0.1015625, 0.7734375, 1609279177.6851237]
[0.484375, -0.21875, 1.0078125, 1609279177.6924024]
[0.3828125, -0.1640625, 0.875, 1609279177.6998804]
[0.5078125, -0.3515625, 0.78125, 1609279177.7071934]
[0.5078125, -0.3515625, 0.78125, 1609279177.7147062]
[0.7109375, -0.078125, 0.71875, 1609279177.722136]
[0.59375, 0.0390625, 0.390625, 1609279177.7296069]
[0.59375, -0.3046875, 0.5546875, 1609279177.7367446]
[0.796875, -0.3046875, 0.5546875, 1609279177.7441516]
[0.875, -0.4375, 0.8515625, 1609279177.7515454]
[0.6640625, -0.1796875, 1.0078125, 1609279177.7586772]
[0.6640625, -0.1796875, 1.0078125, 1609279177.7660632]
[0.6015625, -0.28125, 1.0859375, 1609279177.7734232]
[0.5078125, -0.140625, 0.671875, 1609279177.780638]
[0.390625, -0.1796875, 0.53125, 1609279177.7880447]
[0.390625, -0.1796875, 0.53125, 1609279177.7954538]
[0.2734375, -0.3515625, 0.671875, 1609279177.8027046]
[0.5859375, -0.1796875, 0.6875, 1609279177.8102705]
[0.53125, 0.0546875, 0.703125, 1609279177.8176384]
[0.53125, 0.0546875, 0.703125, 1609279177.8250053]
[0.6640625, -0.078125, 1.0859375, 1609279177.8322911]
[0.6796875, -0.0625, 0.921875, 1609279177.839883]
[0.9140625, 0.1015625, 0.859375, 1609279177.8471718]
[0.9140625, 0.1015625, 0.859375, 1609279177.8545468]
[0.8984375, -0.0390625, 0.4765625, 1609279177.8618665]
[0.6328125, -0.0625, 0.6171875, 1609279177.8691206]
[0.6328125, -0.0625, 0.6171875, 1609279177.8765001]
[0.5625, -0.140625, 0.8046875, 1609279177.8837652]
[0.53125, 0.015625, 1.1171875, 1609279177.891247]
[0.515625, -0.34375, 1.125, 1609279177.898711]
[0.515625, -0.34375, 1.125, 1609279177.9062257]
[0.3125, -0.25, 1.125, 1609279177.9133828]
[0.3671875, -0.140625, 0.8671875, 1609279177.9208393]
[0.3828125, -0.3515625, 1.0859375, 1609279177.9283295]
[0.3828125, -0.3515625, 1.0859375, 1609279177.9356513]
[0.2421875, -0.125, 0.9921875, 1609279177.9428432]
[0.34375, -0.1796875, 0.8671875, 1609279177.9502342]
[0.515625, -0.1796875, 0.6484375, 1609279177.9612586]
[0.703125, 0.015625, 0.765625, 1609279177.9685197]
[0.703125, 0.015625, 0.765625, 1609279177.9758205]
[0.4140625, -0.1171875, 0.7109375, 1609279177.9831927]
[0.6171875, -0.078125, 0.9375, 1609279177.9905183]
[0.140625, -0.25, 0.84375, 1609279177.9979973]
[0.140625, -0.25, 0.84375, 1609279178.005299]
[0.3203125, -0.1796875, 0.546875, 1609279178.012435]
[0.6640625, -0.2265625, 0.6953125, 1609279178.0198538]
[0.4140625, -0.2265625, 0.4609375, 1609279178.0272245]
[0.4140625, -0.2265625, 0.4609375, 1609279178.0346854]
[0.4921875, -0.203125, 0.671875, 1609279178.0420003]
[0.1484375, -0.125, 0.78125, 1609279178.0494034]
[0.1484375, -0.125, 0.78125, 1609279178.05675]
[0.3828125, -0.34375, 0.8046875, 1609279178.0638793]
[0.3125, -0.0859375, 0.59375, 1609279178.071145]
[0.28125, 0.15625, 0.359375, 1609279178.0782828]
[0.28125, 0.15625, 0.359375, 1609279178.0856948]
[0.53125, 0.0234375, 0.828125, 1609279178.0930076]
[0.421875, -0.1484375, 0.8203125, 1609279178.1004753]
[0.5859375, -0.1484375, 0.9375, 1609279178.107762]
[0.5859375, -0.1484375, 0.9375, 1609279178.11515]
[0.4609375, -0.1484375, 1.0390625, 1609279178.122538]
[0.6875, -0.046875, 0.890625, 1609279178.1302311]
[0.484375, -0.1796875, 0.8203125, 1609279178.137317]
[0.484375, -0.1796875, 0.8203125, 1609279178.1448996]
[0.5859375, -0.0234375, 0.53125, 1609279178.1523366]
[0.7265625, -0.3046875, 0.6171875, 1609279178.1595783]
[0.5546875, -0.140625, 0.7109375, 1609279178.1670334]
[0.5546875, -0.140625, 0.7109375, 1609279178.1743171]
[0.4375, -0.0078125, 0.8125, 1609279178.1815119]
[0.265625, -0.1640625, 0.890625, 1609279178.1890597]
[0.265625, -0.1640625, 0.890625, 1609279178.196421]
[0.7109375, -0.0078125, 0.96875, 1609279178.2037327]
[0.6171875, -0.0234375, 0.8046875, 1609279178.2110016]
[0.6171875, -0.2265625, 0.71875, 1609279178.2184634]
[0.6171875, -0.2265625, 0.71875, 1609279178.2258573]
[0.484375, -0.1875, 0.59375, 1609279178.2329903]
[0.390625, -0.1875, 0.921875, 1609279178.240572]
[0.5078125, -0.1796875, 0.9921875, 1609279178.247968]
[0.5078125, -0.1796875, 0.9921875, 1609279178.2553887]
[0.359375, -0.1875, 0.9921875, 1609279178.2630987]
[0.4375, -0.140625, 0.578125, 1609279178.2703545]
[0.640625, -0.0234375, 0.5078125, 1609279178.2777283]
[0.640625, -0.0234375, 0.5078125, 1609279178.2850611]
[0.40625, -0.1484375, 0.671875, 1609279178.292258]
[0.578125, -0.25, 0.9609375, 1609279178.301241]
[0.640625, -0.25, 0.96875, 1609279178.308632]
[0.640625, -0.25, 0.96875, 1609279178.3159878]
[0.6171875, -0.1640625, 0.9609375, 1609279178.3231475]
[0.578125, -0.0859375, 1.28125, 1609279178.3307483]
[0.6015625, -0.2265625, 1.375, 1609279178.3383005]
[0.6015625, -0.2265625, 1.375, 1609279178.345638]
[0.4375, -0.21875, 1.3359375, 1609279178.3527548]
[0.40625, 0.015625, 0.921875, 1609279178.360262]
[0.5078125, -0.2265625, 0.984375, 1609279178.367688]
[0.5078125, -0.2265625, 0.984375, 1609279178.3750367]
[0.421875, -0.1875, 0.96875, 1609279178.3822846]
[0.078125, -0.1484375, 0.7109375, 1609279178.3897185]
[0.078125, -0.2421875, 0.5078125, 1609279178.3970933]
[0.40625, -0.2421875, 0.5078125, 1609279178.4042711]
[0.359375, -0.046875, 0.3828125, 1609279178.4116402]
[0.0390625, 0.0625, 0.7890625, 1609279178.419083]
[0.0390625, 0.0625, 0.7890625, 1609279178.4263117]
[0.4609375, -0.0390625, 0.8984375, 1609279178.4336157]
[0.3828125, -0.25, 0.890625, 1609279178.4407685]
[0.3359375, -0.0390625, 0.8046875, 1609279178.4483485]
[0.3359375, -0.0390625, 0.8046875, 1609279178.4555974]
[0.1640625, -0.125, 0.84375, 1609279178.4627383]
[0.578125, -0.0859375, 0.8515625, 1609279178.470143]
[0.3203125, -0.2890625, 0.5546875, 1609279178.4776027]
[0.3203125, -0.2890625, 0.5546875, 1609279178.4847326]
[0.4375, -0.0390625, 0.625, 1609279178.4923487]
[0.3359375, -0.25, 0.5234375, 1609279178.4998105]
[0.3359375, -0.1171875, 0.453125, 1609279178.5071902]
[0.2265625, -0.1171875, 0.453125, 1609279178.5146582]
[0.421875, -0.1796875, 0.7109375, 1609279178.5219982]
[0.375, 0.0390625, 1.0, 1609279178.529404]
[0.375, 0.0390625, 1.0, 1609279178.5367758]
[0.734375, -0.0625, 0.9375, 1609279178.543897]
[0.7578125, -0.2265625, 1.03125, 1609279178.5512176]
[0.6328125, -0.3203125, 0.6640625, 1609279178.5583653]
[0.6328125, -0.3203125, 0.6640625, 1609279178.5657353]
[0.265625, -0.265625, 0.4609375, 1609279178.5730782]
[0.3359375, -0.0625, 0.734375, 1609279178.5804222]
[0.4453125, -0.0625, 0.7734375, 1609279178.587866]
[0.4453125, -0.0625, 0.7734375, 1609279178.595429]
[0.59375, 0.0, 1.0625, 1609279178.602841]
[0.5546875, -0.1171875, 0.8046875, 1609279178.6104946]
[0.6171875, -0.1796875, 0.59375, 1609279178.6180565]
[0.6171875, -0.1796875, 0.59375, 1609279178.6252053]
[0.5, 0.0234375, 0.5625, 1609279178.6326942]
[0.7109375, -0.1484375, 0.828125, 1609279178.640577]
[0.4921875, -0.203125, 0.890625, 1609279178.648032]
[0.4921875, -0.203125, 0.890625, 1609279178.6554658]
[0.5625, -0.28125, 0.75, 1609279178.6626177]
[0.34375, -0.1796875, 0.4375, 1609279178.6700296]
[0.1875, -0.1171875, 0.640625, 1609279178.6773405]
[0.1875, -0.1171875, 0.640625, 1609279178.6848114]
[0.390625, -0.078125, 0.578125, 1609279178.692037]
[0.46875, -0.0859375, 0.453125, 1609279178.6995661]
[0.46875, -0.0859375, 0.453125, 1609279178.706913]
[0.46875, -0.0078125, 0.5546875, 1609279178.7144048]
[0.4453125, -0.0234375, 0.875, 1609279178.7215016]
[0.4140625, -0.0234375, 0.9140625, 1609279178.7288675]
[0.4140625, -0.0234375, 0.9140625, 1609279178.7363143]
[0.46875, -0.078125, 0.796875, 1609279178.7435253]
[0.265625, -0.1640625, 0.6953125, 1609279178.75094]
[0.5234375, 0.015625, 0.7578125, 1609279178.75831]
[0.5234375, 0.015625, 0.7578125, 1609279178.765653]
[0.3828125, 0.0546875, 1.0, 1609279178.772781]
[0.515625, -0.1484375, 0.9921875, 1609279178.7801967]
[0.5078125, -0.265625, 0.890625, 1609279178.7876046]
[0.5078125, -0.265625, 0.890625, 1609279178.7952132]
[0.2890625, -0.1640625, 0.875, 1609279178.8026943]
[0.484375, -0.2421875, 0.5703125, 1609279178.810321]
[0.53125, -0.0859375, 0.59375, 1609279178.81766]
[0.53125, -0.0859375, 0.59375, 1609279178.825109]
[0.46875, -0.1796875, 0.6015625, 1609279178.832506]
[0.203125, -0.0078125, 0.8984375, 1609279178.8399925]
[0.421875, -0.1015625, 0.8984375, 1609279178.8475416]
[0.421875, -0.1015625, 0.8984375, 1609279178.8546462]
[0.609375, -0.0859375, 0.6484375, 1609279178.8620331]
[0.53125, -0.28125, 0.5, 1609279178.8694851]
[0.53125, -0.28125, 0.5, 1609279178.876864]
[0.4609375, -0.0859375, 0.6640625, 1609279178.884146]
[0.3359375, -0.125, 0.75, 1609279178.8914766]
[0.6875, -0.3203125, 0.78125, 1609279178.8989646]
[0.6875, -0.3203125, 0.78125, 1609279178.9061666]
[0.5625, -0.28125, 1.0390625, 1609279178.9138184]
[0.3671875, -0.1796875, 1.1484375, 1609279178.9211621]
[0.4765625, 0.015625, 0.953125, 1609279178.9286382]
[0.4765625, 0.015625, 0.953125, 1609279178.9357681]
[0.3359375, -0.078125, 0.875, 1609279178.94324]
[0.5546875, -0.1640625, 0.78125, 1609279178.9507627]
[0.421875, -0.2265625, 0.6640625, 1609279178.9581785]
[0.421875, -0.2265625, 0.6640625, 1609279178.9655535]
[0.4453125, -0.21875, 0.625, 1609279178.9727824]
[0.3125, -0.0390625, 0.6171875, 1609279178.9803371]
[0.5859375, -0.1171875, 0.6484375, 1609279178.987743]
[0.5859375, -0.1171875, 0.6484375, 1609279178.994994]
[0.6328125, -0.1171875, 0.9140625, 1609279179.0027196]
[0.484375, -0.203125, 0.8984375, 1609279179.0103958]
[0.5546875, -0.3046875, 0.9375, 1609279179.0179887]
[0.5546875, -0.3046875, 0.9375, 1609279179.0254486]
[0.2734375, -0.0859375, 0.8984375, 1609279179.0329223]
[0.53125, -0.0234375, 0.8984375, 1609279179.0405102]
[0.40625, -0.0859375, 0.8984375, 1609279179.047985]
[0.40625, -0.0859375, 0.8984375, 1609279179.05544]
[0.09375, 0.0390625, 0.65625, 1609279179.0626519]
[0.4140625, 0.0625, 0.625, 1609279179.070114]
[0.4140625, 0.0546875, 0.8125, 1609279179.0775626]
[0.3359375, 0.0546875, 0.8125, 1609279179.0846946]
[0.484375, -0.1484375, 0.828125, 1609279179.0921304]
[0.3359375, -0.1796875, 0.6953125, 1609279179.0999591]
[0.3359375, -0.21875, 0.5546875, 1609279179.111052]
[0.5546875, -0.1484375, 0.6171875, 1609279179.1184318]
[0.5546875, -0.1484375, 0.6171875, 1609279179.1258006]
[0.25, -0.1796875, 0.75, 1609279179.1329856]
[0.484375, -0.1171875, 0.9375, 1609279179.1404023]
[0.65625, -0.0390625, 0.9921875, 1609279179.1479163]
[0.65625, -0.0390625, 0.9921875, 1609279179.155111]
[0.609375, -0.1796875, 0.796875, 1609279179.162727]
[0.2421875, -0.125, 0.875, 1609279179.170234]
[0.515625, -0.2421875, 0.9921875, 1609279179.1777499]
[0.515625, -0.2421875, 0.9921875, 1609279179.1850426]
[0.65625, -0.1171875, 0.5234375, 1609279179.1924775]
[0.40625, -0.21875, 0.3046875, 1609279179.1997764]
[0.40625, 0.078125, 0.5546875, 1609279179.2072263]
[0.1953125, 0.078125, 0.5546875, 1609279179.214513]
[0.359375, -0.0078125, 0.8125, 1609279179.221598]
[0.421875, -0.1015625, 1.0078125, 1609279179.229772]
[0.421875, -0.1015625, 1.0078125, 1609279179.2369008]
[0.4609375, -0.1484375, 0.9375, 1609279179.2443976]
[0.3671875, -0.2421875, 0.4765625, 1609279179.2516785]
[0.578125, -0.1640625, 0.6875, 1609279179.2591465]
[0.578125, -0.1640625, 0.6875, 1609279179.2663991]
[0.28125, 0.015625, 1.0, 1609279179.2739592]
[0.34375, -0.0390625, 0.8515625, 1609279179.281294]
[0.078125, -0.046875, 0.9375, 1609279179.288761]
[0.078125, -0.046875, 0.9375, 1609279179.2958868]
[0.515625, -0.125, 0.734375, 1609279179.3031805]
[0.625, 0.0, 0.859375, 1609279179.3106406]
[0.578125, -0.21875, 0.625, 1609279179.3178964]
[0.578125, -0.21875, 0.625, 1609279179.3253973]
[0.6171875, -0.046875, 0.8046875, 1609279179.3327081]
[0.6015625, -0.1640625, 0.921875, 1609279179.3401458]
[0.6015625, -0.2265625, 0.9453125, 1609279179.3472779]
[0.6171875, -0.2265625, 0.9453125, 1609279179.3546207]
[0.6015625, -0.0234375, 1.2421875, 1609279179.3622005]
[0.75, 0.0390625, 1.0625, 1609279179.3697474]
[0.75, 0.0390625, 1.0625, 1609279179.3768992]
[0.515625, -0.0234375, 0.8515625, 1609279179.384287]
[0.4921875, -0.1640625, 0.7578125, 1609279179.391681]
[0.390625, -0.0078125, 0.6796875, 1609279179.398839]
[0.390625, -0.0078125, 0.6796875, 1609279179.40626]
[0.296875, -0.1484375, 0.5234375, 1609279179.4136138]
[0.6015625, -0.0390625, 0.6640625, 1609279179.4214597]
[0.6875, -0.0625, 0.578125, 1609279179.4301825]
[0.6875, -0.1484375, 0.9609375, 1609279179.4376085]
[0.6171875, -0.1484375, 0.9609375, 1609279179.444963]
[0.5546875, 0.0390625, 0.90625, 1609279179.452114]
[0.3203125, -0.078125, 1.0546875, 1609279179.459571]
[0.3203125, -0.078125, 1.0546875, 1609279179.4669378]
[0.609375, 0.1953125, 0.8046875, 1609279179.4744356]
[0.484375, -0.1171875, 0.640625, 1609279179.4817326]
[0.4453125, -0.0859375, 0.7578125, 1609279179.4891856]
[0.4453125, -0.0859375, 0.7578125, 1609279179.4966123]
[0.5234375, 0.1640625, 0.7265625, 1609279179.503729]
[0.8359375, -0.203125, 0.5234375, 1609279179.511286]
[0.359375, -0.3515625, 0.9921875, 1609279179.518662]
[0.359375, -0.3515625, 0.9921875, 1609279179.5257938]
[0.65625, -0.1171875, 0.8515625, 1609279179.5330727]
[0.4140625, -0.1640625, 0.8515625, 1609279179.5406196]
[0.359375, -0.21875, 0.921875, 1609279179.5482483]
[0.359375, -0.21875, 0.921875, 1609279179.5553534]
[0.3203125, -0.1484375, 0.84375, 1609279179.562766]
[0.296875, -0.0625, 0.5546875, 1609279179.5702562]
[0.03125, -0.1796875, 0.5703125, 1609279179.577756]
[0.03125, -0.1796875, 0.5703125, 1609279179.584955]
[0.203125, -0.1875, 0.578125, 1609279179.5923796]
[0.6875, -0.28125, 0.6484375, 1609279179.6000173]
[0.6875, -0.25, 0.9375, 1609279179.6075726]
[0.609375, -0.25, 0.9375, 1609279179.6149564]
[0.5078125, -0.28125, 0.7734375, 1609279179.6221652]
[0.5546875, -0.0234375, 0.8046875, 1609279179.6297028]
[0.5546875, -0.0234375, 0.8046875, 1609279179.637019]
[0.7734375, -0.1796875, 0.796875, 1609279179.6443417]
[0.21875, -0.0390625, 0.6171875, 1609279179.6516368]
[0.5078125, -0.140625, 0.875, 1609279179.6591156]
[0.5078125, -0.140625, 0.875, 1609279179.6663754]
[0.75, -0.3203125, 1.0390625, 1609279179.6739693]
[0.390625, -0.28125, 0.796875, 1609279179.681271]
[0.53125, -0.0859375, 0.984375, 1609279179.6887]
[0.53125, -0.0859375, 0.984375, 1609279179.6958308]
[0.53125, -0.21875, 0.8515625, 1609279179.703148]
[0.609375, -0.3828125, 0.7734375, 1609279179.7106786]
[0.46875, -0.2265625, 0.6640625, 1609279179.7181304]
[0.46875, -0.2265625, 0.6640625, 1609279179.7253673]
[0.3125, 0.1015625, 0.5859375, 1609279179.7326634]
[0.3359375, -0.0078125, 0.7421875, 1609279179.740074]
[0.3359375, -0.1484375, 0.8515625, 1609279179.747314]
[0.40625, -0.1484375, 0.8515625, 1609279179.7546809]
[0.3359375, -0.1875, 1.1640625, 1609279179.7622156]
[0.2265625, -0.0078125, 1.0703125, 1609279179.7694597]
[0.2265625, -0.0078125, 1.0703125, 1609279179.7769196]
[0.6875, -0.0078125, 0.78125, 1609279179.7843473]
[0.5859375, -0.0859375, 0.5, 1609279179.791495]
[0.4453125, -0.1796875, 0.59375, 1609279179.7991312]
[0.4453125, -0.1796875, 0.59375, 1609279179.80653]
[0.1953125, -0.046875, 0.4609375, 1609279179.813819]
[0.4140625, -0.28125, 0.6015625, 1609279179.8209436]
[0.53125, -0.1015625, 0.9609375, 1609279179.8284035]
[0.53125, -0.1015625, 0.9609375, 1609279179.8356905]
[0.7265625, -0.046875, 1.03125, 1609279179.8431692]
[0.265625, 0.0625, 0.53125, 1609279179.8508382]
[0.1875, 0.015625, 0.4609375, 1609279179.8580952]
[0.1875, 0.015625, 0.4609375, 1609279179.865459]
[0.4375, -0.0859375, 0.84375, 1609279179.872887]
[0.6328125, -0.1015625, 1.078125, 1609279179.8804946]
[0.6640625, -0.21875, 1.1953125, 1609279179.8877344]
[0.6640625, -0.21875, 1.1953125, 1609279179.8951695]
[0.078125, -0.328125, 0.96875, 1609279179.9025004]
[0.140625, 0.0390625, 0.953125, 1609279179.910073]
[0.140625, 0.0390625, 0.75, 1609279179.917251]
[0.21875, -0.0625, 0.75, 1609279179.92451]
[0.3828125, -0.1796875, 0.671875, 1609279179.9318838]
[0.640625, -0.0625, 0.671875, 1609279179.9392486]
[0.640625, -0.0625, 0.671875, 1609279179.9467504]
[0.3984375, 0.0390625, 0.8828125, 1609279179.9544554]
[0.203125, -0.046875, 0.96875, 1609279179.9620724]
[0.4140625, -0.1875, 1.125, 1609279179.969505]
[0.4140625, -0.1875, 1.125, 1609279179.9768882]
[0.734375, -0.046875, 1.1015625, 1609279179.9840107]
[0.578125, -0.0234375, 0.890625, 1609279179.991629]
[0.1015625, -0.3203125, 0.59375, 1609279179.9990256]
[0.1015625, -0.3203125, 0.59375, 1609279180.0061486]
[0.1953125, -0.28125, 0.484375, 1609279180.0135174]
[0.375, 0.0625, 0.765625, 1609279180.0208683]
[0.5546875, 0.078125, 0.8046875, 1609279180.028047]
[0.5546875, 0.078125, 0.8046875, 1609279180.0354218]
[0.4140625, -0.1171875, 0.78125, 1609279180.0428588]
[0.46875, -0.0234375, 0.96875, 1609279180.0504978]
[0.3203125, -0.25, 0.890625, 1609279180.0580425]
[0.3203125, -0.25, 0.890625, 1609279180.0651884]
[0.484375, -0.0625, 0.4296875, 1609279180.0726643]
[0.4375, -0.0234375, 0.796875, 1609279180.0802243]
[0.4375, -0.0625, 0.671875, 1609279180.087669]
[0.46875, -0.0625, 0.671875, 1609279180.0948281]
[0.5, 0.0625, 0.8046875, 1609279180.1021178]
[0.5390625, -0.046875, 1.0546875, 1609279180.1096108]
[0.5390625, -0.046875, 1.0546875, 1609279180.1167977]
[0.34375, -0.125, 0.78125, 1609279180.1241264]
[0.296875, -0.1484375, 0.7578125, 1609279180.1312804]
[0.5625, -0.078125, 0.59375, 1609279180.1387281]
[0.5625, -0.078125, 0.59375, 1609279180.1462262]
[0.4609375, -0.1796875, 0.5546875, 1609279180.153544]
[0.6015625, -0.2890625, 0.890625, 1609279180.1607358]
[0.5390625, -0.1875, 1.125, 1609279180.1682467]
[0.5390625, -0.1875, 1.125, 1609279180.1755576]
[0.8203125, -0.0234375, 0.96875, 1609279180.1827054]
[0.75, 0.0390625, 0.5625, 1609279180.1902134]
[0.75, -0.0078125, 0.609375, 1609279180.1976743]
[0.7734375, -0.0078125, 0.609375, 1609279180.204997]
[0.703125, -0.125, 0.6875, 1609279180.212509]
[0.5546875, -0.0234375, 0.796875, 1609279180.2198248]
[0.5546875, -0.0234375, 0.890625, 1609279180.2273526]
[0.609375, -0.1640625, 0.890625, 1609279180.2351134]
[0.6953125, 0.0390625, 0.9765625, 1609279180.2425754]
[0.46875, -0.28125, 0.9375, 1609279180.2502754]
[0.5625, -0.25, 0.921875, 1609279180.26142]
[0.5859375, -0.140625, 0.6953125, 1609279180.268744]
[0.5859375, -0.140625, 0.6953125, 1609279180.27611]
[0.40625, -0.140625, 0.6875, 1609279180.2833667]
[0.3203125, -0.0859375, 0.75, 1609279180.2907236]
[0.078125, -0.203125, 0.9140625, 1609279180.2982752]
[0.078125, -0.203125, 0.9140625, 1609279180.3053873]
[0.5078125, -0.1015625, 0.84375, 1609279180.3129303]
[0.6015625, -0.28125, 1.0078125, 1609279180.320378]
[0.6015625, -0.125, 0.8984375, 1609279180.327847]
[0.2890625, -0.125, 0.8984375, 1609279180.3349767]
[0.546875, 0.1953125, 0.625, 1609279180.3423367]
[0.5078125, -0.1171875, 0.25, 1609279180.3499925]
[0.5078125, -0.1171875, 0.25, 1609279180.3573184]
[0.40625, 0.0390625, 0.6015625, 1609279180.3644524]
[0.3984375, 0.09375, 0.4921875, 1609279180.371663]
[0.3828125, 0.1171875, 0.484375, 1609279180.379773]
[0.3828125, 0.1171875, 0.484375, 1609279180.3871508]
[0.5625, -0.1875, 0.6640625, 1609279180.394619]
[0.5625, -0.2265625, 0.6953125, 1609279180.4019787]
[0.6640625, -0.1171875, 0.9375, 1609279180.4094286]
[0.6640625, -0.1171875, 0.9375, 1609279180.4168756]
[0.5, 0.0234375, 0.9921875, 1609279180.4243124]
[0.6953125, 0.1015625, 1.0, 1609279180.4314911]
[0.421875, -0.0390625, 0.75, 1609279180.4387221]
[0.421875, -0.0390625, 0.75, 1609279180.4460707]
[0.3125, -0.046875, 0.5546875, 1609279180.453306]
[0.6484375, 0.0234375, 0.8125, 1609279180.4606025]
[0.6640625, -0.0859375, 0.9921875, 1609279180.4680724]
[0.6640625, -0.0859375, 0.9921875, 1609279180.4753113]
[0.1953125, -0.140625, 0.84375, 1609279180.4827433]
[0.359375, -0.1796875, 1.0078125, 1609279180.4902232]
[0.359375, -0.1796875, 0.7734375, 1609279180.4977431]
[0.3828125, -0.1171875, 0.7734375, 1609279180.504905]
[0.4296875, 0.1015625, 0.8125, 1609279180.512656]
[0.828125, 0.0234375, 0.6015625, 1609279180.5200076]
[0.828125, 0.0234375, 0.6015625, 1609279180.5275724]
[0.5546875, -0.0078125, 0.9296875, 1609279180.5347233]
[0.640625, -0.125, 0.8046875, 1609279180.5422332]
[0.7734375, 0.0, 0.71875, 1609279180.549761]
[0.7734375, 0.0, 0.71875, 1609279180.5570712]
[0.7109375, -0.1171875, 1.1484375, 1609279180.564348]
[0.265625, -0.2265625, 0.9453125, 1609279180.5718017]
[0.265625, -0.1796875, 0.7578125, 1609279180.5793316]
[0.265625, -0.1796875, 0.7578125, 1609279180.5867665]
[0.6015625, -0.1015625, 0.4296875, 1609279180.5940025]
[0.4921875, -0.25, 0.4765625, 1609279180.6014762]
[0.6171875, -0.0078125, 0.671875, 1609279180.6088712]
[0.6171875, -0.0078125, 0.671875, 1609279180.616346]
[0.640625, -0.1171875, 0.9453125, 1609279180.6234567]
[0.53125, -0.1796875, 1.0859375, 1609279180.6309438]
[0.515625, -0.1875, 0.96875, 1609279180.6382227]
[0.515625, -0.1875, 0.96875, 1609279180.6455896]
[0.421875, -0.40625, 0.828125, 1609279180.6528454]
[0.25, -0.203125, 0.78125, 1609279180.6602292]
[0.25, -0.203125, 0.6640625, 1609279180.6673741]
[0.6875, -0.2890625, 0.6640625, 1609279180.674977]
[0.421875, -0.125, 0.828125, 1609279180.6824427]
[0.40625, -0.203125, 0.6953125, 1609279180.6899629]
[0.40625, -0.203125, 0.6953125, 1609279180.6972847]
[0.4375, -0.1875, 0.796875, 1609279180.7046983]
[0.65625, -0.1796875, 1.0546875, 1609279180.7119753]
[0.4453125, -0.28125, 1.1875, 1609279180.719459]
[0.4453125, -0.28125, 1.1875, 1609279180.726797]
[0.3671875, -0.1796875, 0.78125, 1609279180.7339258]
[0.703125, -0.1796875, 0.78125, 1609279180.7411988]
[0.40625, -0.1640625, 0.8046875, 1609279180.7483556]
[0.40625, -0.1640625, 0.8046875, 1609279180.7555876]
[0.40625, -0.078125, 1.0625, 1609279180.7630684]
[0.40625, 0.140625, 1.09375, 1609279180.7706323]
[0.390625, -0.1484375, 1.0859375, 1609279180.7780352]
[0.390625, -0.1484375, 1.0859375, 1609279180.785409]
[0.4453125, -0.125, 0.75, 1609279180.7928448]
[0.2890625, -0.125, 0.6015625, 1609279180.8004408]
[0.2890625, -0.125, 0.6171875, 1609279180.8076947]
[0.359375, -0.0390625, 0.6171875, 1609279180.8151696]
[0.3359375, 0.0, 1.015625, 1609279180.8225722]
[0.5703125, 0.0, 0.9453125, 1609279180.8300261]
[0.5703125, 0.0, 0.9453125, 1609279180.8371952]
[0.3828125, 0.0234375, 0.859375, 1609279180.84449]
[0.46875, -0.140625, 0.7109375, 1609279180.8518639]
[0.609375, -0.046875, 0.640625, 1609279180.8596067]
[0.609375, -0.046875, 0.640625, 1609279180.8668547]
[0.484375, -0.0390625, 0.84375, 1609279180.8743355]
[0.5859375, -0.1875, 1.0625, 1609279180.8816762]
[0.609375, -0.203125, 0.8203125, 1609279180.8887782]
[0.609375, -0.203125, 0.8203125, 1609279180.896294]
[0.7734375, -0.203125, 0.7734375, 1609279180.903595]
[0.484375, -0.0390625, 0.6640625, 1609279180.9107919]
[0.4375, 0.0, 0.609375, 1609279180.9182777]
[0.4375, 0.0, 0.609375, 1609279180.9255595]
[0.34375, -0.0625, 0.6640625, 1609279180.9327154]
[0.6796875, -0.28125, 0.8984375, 1609279180.9403443]
[0.6796875, -0.1875, 0.796875, 1609279180.947899]
[0.6796875, -0.1875, 0.796875, 1609279180.955662]
[0.6328125, -0.1875, 0.921875, 1609279180.963104]
[0.65625, 0.0, 1.2890625, 1609279180.9706657]
[0.7578125, -0.0234375, 0.96875, 1609279180.9779997]
[0.7578125, -0.0234375, 0.96875, 1609279180.9853697]
[0.6328125, -0.1015625, 0.78125, 1609279180.9928153]
[0.6875, -0.0390625, 0.625, 1609279181.0003994]
[0.6875, -0.0390625, 0.6640625, 1609279181.0076463]
[0.2265625, -0.0859375, 0.6640625, 1609279181.015095]
[0.6328125, 0.0, 0.8125, 1609279181.02244]
[0.484375, -0.0625, 0.96875, 1609279181.0296657]
[0.484375, -0.0625, 0.96875, 1609279181.0369518]
[0.5546875, -0.140625, 0.9140625, 1609279181.0443995]
[0.3828125, 0.0390625, 0.859375, 1609279181.0516644]
[0.4140625, -0.1171875, 0.640625, 1609279181.0590563]
[0.4140625, -0.1171875, 0.640625, 1609279181.0665352]
[0.515625, -0.046875, 0.53125, 1609279181.0738711]
[0.2890625, -0.21875, 0.875, 1609279181.0812628]
[0.421875, -0.203125, 1.078125, 1609279181.0886927]
[0.421875, -0.203125, 1.078125, 1609279181.0962636]
[0.8359375, -0.078125, 0.796875, 1609279181.1034386]
[0.78125, -0.1875, 0.6953125, 1609279181.1108375]
[0.5546875, -0.0859375, 0.7109375, 1609279181.118236]
[0.5546875, -0.0859375, 0.7109375, 1609279181.125367]
[0.3828125, -0.046875, 0.84375, 1609279181.132664]
[0.6015625, -0.2265625, 1.015625, 1609279181.1400979]
[0.6015625, -0.2265625, 1.015625, 1609279181.1473067]
[0.484375, -0.25, 1.015625, 1609279181.1547015]
